1.600000000000000000e+01
4.000000000000000000e+00
9.000000000000000000e+00
3.000000000000000000e+00
4.357550141410843025e+02
-3.283813984437200588e+02
-1.324960148753582416e+02
-9.766263642493557199e+03
1.264661376059017857e+04
-2.552152831539278850e+02
-4.189606189856542187e+03
-6.293881000693929673e+04
1.334738124921844428e+04
-1.906702452351198360e+02
1.541456429308638008e+03
5.572259898651063850e+02
1.839851827007725205e+03
-1.162778598100159797e+03
1.794173217283357735e+04
-1.776526380933097098e+05
-5.693249377897209307e-01
5.208446382552624527e+02
6.293823524213928433e-01
2.197461495130757925e+01
2.635105467515597599e+00
8.708080707962493339e-01
7.388480639452701837e+00
2.031153335660648818e+00
1.138864735058188948e+01
2.434675211761341274e-01
-1.134251560151579297e-01
4.929242831089991617e-02
-8.392511314160737423e-02
2.801285973732655851e-04
2.016287777034883533e+01
1.560449828305865150e-01
9.381941288808987034e-02
2.147579751022056227e-01
-9.190741742322006136e-02
3.368236276487971553e-03
3.320853916258475480e-01
-1.662348478299344734e-01
2.901306818905695639e-01
-2.409137681767173245e+00
1.010302810819567743e-01
-1.004924566506967473e-02
1.198609839153948753e-01
4.641469773289019773e-01
4.327900710699564257e+01
-5.502712381037650147e+00
