1.600000000000000000e+01
4.000000000000000000e+00
9.000000000000000000e+00
3.000000000000000000e+00
7.953892132838262796e+00
7.471896269351816500e+01
4.054027148063623187e+00
-1.311871145531767979e+02
5.461601470250184320e+02
-1.077673029434154159e+03
5.278505920791367600e+01
1.057122988338816413e+03
-7.500480254867142094e+01
-1.418749715723719191e+02
3.904859630183649344e+00
1.560230259473914316e+02
-5.048733432959513721e+02
1.439420290399578334e+03
-6.454754666419751175e+01
-1.444004572813014420e+03
3.896928540473600606e+03
-5.907685530220210239e+03
-1.011091103150930849e+03
4.669795798465860571e+03
1.751610139592053201e+03
-1.811053910967116735e+03
1.397119584365719447e+03
-2.667532556577128162e+03
2.636479582876442237e+03
1.346630825675526610e-01
7.429045800628166774e-01
1.017088720071200214e+00
7.041055297730236529e-01
1.231414728104050227e-01
-1.472098430967087590e-01
-2.199840801235659060e-01
1.411317992831601642e-01
7.432320434718087121e-01
1.034578771414437437e+00
7.053513829042135086e-01
-7.194730390689368926e-02
-9.654434757749584539e-02
-3.685273584087437465e-02
-1.871294122415005992e-03
-1.602554306470787941e-03
-5.546008107759450856e-02
2.102740941282522707e-04
2.019339549240890985e+00
3.109091607737573870e+00
3.823596031115496174e+00
